,,45...

4,44. [4, 44,] 11411.14,1.111,14. 4,4. 4,.40 4444, 4.4
44 4,44. 4,44. 4,44. 4,44. 4,44. 4414444444.
4,4. 4,44. 4444444, 4444 44, 4. 44441 4,4.
4,4. 4, 14. 44, 44. 44 4, 44. 4,44, 11. 4,44. 11141,4.
4, 11. 4, 19. 4,44. 4,44. 4, 11. 1v4,41. 1‚11.11,14.
4, 4. 4, 44. 4, 44. 4, 44. 4, 44. 4, 40. 4,44. 4, 4. 4, 44,
44 4, 4. 4, 14. 444 4, 4. 4, 44. 44444444. 4, 44. 4, 4
4,,,,,,,,,4.444.444.44.44.444.4444.44444.4,44.
, 444,.114,44.1‚.41,4.1,41411.4 44444.
4,.44,.44,11.,1.41 4,4..4444,.,.4,.44444 4.
444, 4.4,4 [484 414. 444 ,44,
311.) 0441, 41,.14 11
4,‚1.114. 4,48. 4414. 4,.44 4,4
444. 14, 4.4 44,.44 4444 4444. 3..,00111 1.
4,41.4,.444,44.4‚44.4‚.4 111412,4.114,4. 444444.
13441444, 2,2, 5, 4. 9, 3, 12,5.15,13 Rp.1111he14.11,11 1.
4, 4. 4, 4. 4, 4. 4, 4. 1401. 4, 1. 4, 4. 44444444 44. 4, 1.
4,44. 41. 44. 44. 14. equ. 4, 1. 4, 4. 4, 14. 10, 14.

12,6
11811311,
13. 3,.19(,3,
4. 1

4. 4
3,1,1111,,014,

8,
2,
9,
21

16,12,11,3, 12, 4. Cyneg.1,12. 3, 4. 1,1, 11,4. 1311·
Apol. 2.

b) 401. Oyr. 12, 1, 3 9. 111135, 1,36,1,36, 2, 8, 316.
2,.28 11311316 VI114,10. Η411.Ι2,18. 114,11.
1111, .,IV4 2. 4, 3. 4, 1. 4, 14. 8, 32, V 4, 21.
111, 19.0 3,,11 424. 4,.4 111 142, 2,13. 4144144
4,.1411,4411113,1.41114,14.114,40. V14,31.
V111‚.413,44 .3354 ,,12,823, 00111111.1:4,4.11 1316,
8,.5 9,(3, 1111133. 413441, 341 ,31. 341443 4.1‚ 14.
,1,1 9,9,

4) 444, et praes. Oy1·.1 1, 4. 2, 9. 414441), 11 38
41) perf. pr. Oyr. 14,.1 VI 1,4.0 3,19v.1114,43.
33, Oee.11,.99 Cy11eg.‚1.8
19414144 0414414. pr. Oyr. 111, 35. Hell. V 3 21, Α4441),Ι
3.,(14444444 1112 R equ 132.
'113404 et perfipr. 1.Anab 11 4, 26,
g) p1 4. 0111 Oy14,14.
14) 401. 4. αν 41444141 31,,[Ο4444444 1,1181904449, 6,
Apud 1144441444( 4111 4146444114 ,quae 144 41041114141110 Thucy-

 

